0 0 1
1 0 1
2 0 1
3 0 1
4 0 1
5 0 1
6 0 1
7 0 1
8 0 1
9 0 1
10 0 1
11 0 1
12 0 1
13 0 1
14 0 1
15 0 1
16 0 1
17 0 1
18 0 1
19 0 1
20 0 1
21 0 1
22 0 1
23 0 1
24 0 1
25 0 1
26 0 1
27 0 1
28 0 1
29 0 1
30 0 1
31 0 1
32 0 1
33 0 1
34 0 1
35 0 1
36 0 1
37 0 1
38 0 1
39 0 1
40 0 1
41 0 1
42 0 1
43 0 1
44 0 1
45 0 1
46 0 1
47 0 1
48 0 1
49 0 1
50 0 1
51 0 1
52 0 1
53 0 1
54 0 1
55 0 1
56 0 1
57 0 1
58 0 1
59 0 1
60 0 1
61 0 1
62 0 1
63 0 1
64 0 1
65 0 1
66 0 1
67 0 1
68 0 1
69 0 1
70 0 1
71 0 1
72 0 1
73 0 1
74 0 1
75 0 1
76 0 1
77 0 1
78 0 1
79 0 1
80 0 1
81 0 1
82 0 1
83 0 1
84 0 1
85 0 1
86 0 1
87 0 1
88 0 1
89 0 1
90 0 1
91 0 1
92 0 1
93 0 1
94 0 1
95 0 1
96 0 1
97 0 1
98 0 1
99 0 1
100 0 1
101 0 1
102 0 1
103 0 1
104 0 1
105 0 1
106 0 1
107 0 1
108 0 1
109 0 1
110 0 1
111 0 1
112 0 1
113 0 1
114 0 1
115 0 1
116 0 1
117 0 1
118 0 1
119 0 1
120 0 1
121 0 1
122 0 1
123 0 1
124 0 1
125 0 1
126 0 1
127 0 1
128 0 1
129 0 1
130 0 1
131 0 1
132 0 1
133 0 1
134 0 1
135 0 1
136 0 1
137 0 1
138 0 1
139 0 1
140 0 1
141 0 1
142 0 1
143 0 1
144 0 1
145 0 1
146 0 1
147 0 1
148 0 1
149 0 1
150 0 1
151 0 1
152 0 1
153 0 1
154 0 1
155 0 1
156 0 1
157 0 1
158 0 1
159 0 1
160 0 1
161 0 1
162 0 1
163 0 1
164 0 1
165 0 1
166 0 1
167 0 1
168 0 1
169 0 1
170 0 1
171 0 1
172 0 1
173 0 1
174 0 1
175 0 1
176 0 1
177 0 1
178 0 1
179 0 1
180 0 1
181 0 1
182 0 1
183 0 1
184 0 1
185 0 1
186 0 1
187 0 1
188 0 1
189 0 1
190 0 1
191 0 1
192 0 1
193 0 1
194 0 1
195 0 1
196 0 1
197 0 1
198 0 1
199 0 1
200 0 1
201 0 1
202 0 1
203 0 1
204 0 1
205 0 1
206 0 1
207 0 1
208 0 1
209 0 1
210 0 1
211 0 1
212 0 1
213 0 1
214 0 1
215 0 1
216 0 1
217 0 1
218 0 1
219 0 1
220 0 1
221 0 1
222 0 1
223 0 1
224 0 1
225 0 1
226 0 1
227 0 1
228 0 1
229 0 1
230 0 1
231 0 1
232 0 1
233 0 1
234 0 1
235 0 1
236 0 1
237 0 1
238 0 1
239 0 1
240 0 1
241 0 1
242 0 1
243 0 1
244 0 1
245 0 1
246 0 1
247 0 1
248 0 1
249 0 1
250 0 1
251 0 1
252 0 1
253 0 1
254 0 1
255 0 1
256 0 1
257 0 1
258 0 1
259 0 1
260 0 1
261 0 1
262 0 1
263 0 1
264 0 1
265 0 1
266 0 1
267 0 1
268 0 1
269 0 1
270 0 1
271 0 1
272 0 1
273 0 1
274 0 1
275 0 1
276 0 1
277 0 1
278 0 1
279 0 1
280 0 1
281 0 1
282 0 1
283 0 1
284 0 1
285 0 1
286 0 1
287 0 1
288 0 1
289 0 1
290 0 1
291 0 1
292 0 1
293 0 1
294 0 1
295 0 1
296 0 1
297 0 1
298 0 1
299 0 1
300 0 1
301 0 1
302 0 1
303 0 1
304 0 1
305 0 1
306 0 1
307 0 1
308 0 1
309 0 1
310 0 1
311 0 1
312 0 1
313 0 1
314 0 1
315 0 1
316 0 1
317 0 1
318 0 1
319 0 1
320 0 1
321 0 1
322 0 1
323 0 1
324 0 1
325 0 1
326 0 1
327 0 1
328 0 1
329 0 1
330 0 1
331 0 1
332 0 1
333 0 1
334 0 1
335 0 1
336 0 1
337 0 1
338 0 1
339 0 1
340 0 1
341 0 1
342 0 1
343 0 1
344 0 1
345 0 1
346 0 1
347 0 1
348 0 1
349 0 1
350 0 1
351 0 1
352 0 1
353 0 1
354 0 1
355 0 1
356 0 1
357 0 1
358 0 1
359 0 1
360 0 1
361 0 1
362 0 1
363 0 1
364 0 1
365 0 1
366 0 1
367 0 1
368 0 1
369 0 1
370 0 1
371 0 1
372 0 1
373 0 1
374 0 1
375 0 1
376 0 1
377 0 1
378 0 1
379 0 1
380 0 1
381 0 1
382 0 1
383 0 1
384 0 1
385 0 1
386 0 1
387 0 1
388 0 1
389 0 1
390 0 1
391 0 1
392 0 1
393 0 1
394 0 1
395 0 1
396 0 1
397 0 1
398 0 1
399 0 1
400 0 1
401 0 1
402 0 1
403 0 1
404 0 1
405 0 1
406 0 1
407 0 1
408 0 1
409 0 1
410 0 1
411 0 1
412 0 1
413 0 1
414 0 1
415 0 1
416 0 1
417 0 1
418 0 1
419 0 1
420 0 1
421 0 1
422 0 1
423 0 1
424 0 1
425 0 1
426 0 1
427 0 1
428 0 1
429 0 1
430 0 1
431 0 1
432 0 1
433 0 1
434 0 1
435 0 1
436 0 1
437 0 1
438 0 1
439 0 1
440 0 1
441 0 1
442 0 1
443 0 1
444 0 1
445 0 1
446 0 1
447 0 1
448 0 1
449 0 1
450 0 1
451 0 1
452 0 1
453 0 1
454 0 1
455 0 1
456 0 1
457 0 1
458 0 1
459 0 1
460 0 1
461 0 1
462 0 1
463 0 1
464 0 1
465 0 1
466 0 1
467 0 1
468 0 1
469 0 1
470 0 1
471 0 1
472 0 1
473 0 1
474 0 1
475 0 1
476 0 1
477 0 1
478 0 1
479 0 1
480 0 1
481 0 1
482 0 1
483 0 1
484 0 1
485 0 1
486 0 1
487 0 1
488 0 1
489 0 1
490 0 1
491 0 1
492 0 1
493 0 1
494 0 1
495 0 1
496 0 1
497 0 1
498 0 1
499 0 1
500 0 1
501 0 1
502 0 1
503 0 1
504 0 1
505 0 1
506 0 1
507 0 1
508 0 1
509 0 1
510 0 1
511 0 1
512 0 1
513 0 1
514 0 1
515 0 1
516 0 1
517 0 1
518 0 1
519 0 1
520 0 1
521 0 1
522 0 1
523 0 1
524 0 1
525 0 1
526 0 1
527 0 1
528 0 1
529 0 1
530 0 1
531 0 1
532 0 1
533 0 1
534 0 1
535 0 1
536 0 1
537 0 1
538 0 1
539 0 1
540 0 1
541 0 1
542 0 1
543 0 1
544 0 1
545 0 1
546 0 1
547 0 1
548 0 1
549 0 1
550 0 1
551 0 1
552 0 1
553 0 1
554 0 1
555 0 1
556 0 1
557 0 1
558 0 1
559 0 1
560 0 1
561 0 1
562 0 1
563 0 1
564 0 1
565 0 1
566 0 1
567 0 1
568 0 1
569 0 1
570 0 1
571 0 1
572 0 1
573 0 1
574 0 1
575 0 1
576 0 1
577 0 1
578 0 1
579 0 1
580 0 1
581 0 1
582 0 1
583 0 1
584 0 1
585 0 1
586 0 1
587 0 1
588 0 1
589 0 1
590 0 1
591 0 1
592 0 1
593 0 1
594 0 1
595 0 1
596 0 1
597 0 1
598 0 1
599 0 1
600 0 1
601 0 1
602 0 1
603 0 1
604 0 1
605 0 1
606 0 1
607 0 1
608 0 1
609 0 1
610 0 1
611 0 1
612 0 1
613 0 1
614 0 1
615 0 1
616 0 1
617 0 1
618 0 1
619 0 1
620 0 1
621 0 1
622 0 1
623 0 1
624 0 1
625 0 1
626 0 1
627 0 1
628 0 1
629 0 1
630 0 1
631 0 1
632 0 1
633 0 1
634 0 1
635 0 1
636 0 1
637 0 1
638 0 1
639 0 1
640 0 1
641 0 1
642 0 1
643 0 1
644 0 1
645 0 1
646 0 1
647 0 1
648 0 1
649 0 1
650 0 1
651 0 1
652 0 1
653 0 1
654 0 1
655 0 1
656 0 1
657 0 1
658 0 1
659 0 1
660 0 1
661 0 1
662 0 1
663 0 1
664 0 1
665 0 1
666 0 1
667 0 1
668 0 1
669 0 1
670 0 1
671 0 1
672 0 1
673 0 1
674 0 1
675 0 1
676 0 1
677 0 1
678 0 1
679 0 1
680 0 1
681 0 1
682 0 1
683 0 1
684 0 1
685 0 1
686 0 1
687 0 1
688 0 1
689 0 1
690 0 1
691 0 1
692 0 1
693 0 1
694 0 1
695 0 1
696 0 1
697 0 1
698 0 1
699 0 1
700 0 1
701 0 1
702 0 1
703 0 1
704 0 1
705 0 1
706 0 1
707 0 1
708 0 1
709 0 1
710 0 1
711 0 1
712 0 1
713 0 1
714 0 1
715 0 1
716 0 1
717 0 1
718 0 1
719 0 1
720 0 1
721 0 1
722 0 1
723 0 1
724 0 1
725 0 1
726 0 1
727 0 1
728 0 1
729 0 1
730 0 1
731 0 1
732 0 1
733 0 1
734 0 1
735 0 1
736 0 1
737 0 1
738 0 1
739 0 1
740 0 1
741 0 1
742 0 1
743 0 1
744 0 1
745 0 1
746 0 1
747 0 1
748 0 1
749 0 1
750 0 1
751 0 1
752 0 1
753 0 1
754 0 1
755 0 1
756 0 1
757 0 1
758 0 1
759 0 1
760 0 1
761 0 1
762 0 1
763 0 1
764 0 1
765 0 1
766 0 1
767 0 1
768 0 1
769 0 1
770 0 1
771 0 1
772 0 1
773 0 1
774 0 1
775 0 1
776 0 1
777 0 1
778 0 1
779 0 1
780 0 1
781 0 1
782 0 1
783 0 1
784 0 1
785 0 1
786 0 1
787 0 1
788 0 1
789 0 1
790 0 1
791 0 1
792 0 1
793 0 1
794 0 1
795 0 1
796 0 1
797 0 1
798 0 1
799 0 1
800 0 1
801 0 1
802 0 1
803 0 1
804 0 1
805 0 1
806 0 1
807 0 1
808 0 1
809 0 1
810 0 1
811 0 1
812 0 1
813 0 1
814 0 1
815 0 1
816 0 1
817 0 1
818 0 1
819 0 1
820 0 1
821 0 1
822 0 1
823 0 1
824 0 1
825 0 1
826 0 1
827 0 1
828 0 1
829 0 1
830 0 1
831 0 1
832 0 1
833 0 1
834 0 1
835 0 1
836 0 1
837 0 1
838 0 1
839 0 1
840 0 1
841 0 1
842 0 1
843 0 1
844 0 1
845 0 1
846 0 1
847 0 1
848 0 1
849 0 1
850 0 1
851 0 1
852 0 1
853 0 1
854 0 1
855 0 1
856 0 1
857 0 1
858 0 1
859 0 1
860 0 1
861 0 1
862 0 1
863 0 1
864 0 1
865 0 1
866 0 1
867 0 1
868 0 1
869 0 1
870 0 1
871 0 1
872 0 1
873 0 1
874 0 1
875 0 1
876 0 1
877 0 1
878 0 1
879 0 1
880 0 1
881 0 1
882 0 1
883 0 1
884 0 1
885 0 1
886 0 1
887 0 1
888 0 1
889 0 1
890 0 1
891 0 1
892 0 1
893 0 1
894 0 1
895 0 1
896 0 1
897 0 1
898 0 1
899 0 1
900 0 1
901 0 1
902 0 1
903 0 1
904 0 1
905 0 1
906 0 1
907 0 1
908 0 1
909 0 1
910 0 1
911 0 1
912 0 1
913 0 1
914 0 1
915 0 1
916 0 1
917 0 1
918 0 1
919 0 1
920 0 1
921 0 1
922 0 1
923 0 1
924 0 1
925 0 1
926 0 1
927 0 1
928 0 1
929 0 1
930 0 1
931 0 1
932 0 1
933 0 1
934 0 1
935 0 1
936 0 1
937 0 1
938 0 1
939 0 1
940 0 1
941 0 1
942 0 1
943 0 1
944 0 1
945 0 1
946 0 1
947 0 1
948 0 1
949 0 1
950 0 1
951 0 1
952 0 1
953 0 1
954 0 1
955 0 1
956 0 1
957 0 1
958 0 1
959 0 1
960 0 1
961 0 1
962 0 1
963 0 1
964 0 1
965 0 1
966 0 1
967 0 1
968 0 1
969 0 1
970 0 1
971 0 1
972 0 1
973 0 1
974 0 1
975 0 1
976 0 1
977 0 1
978 0 1
979 0 1
980 0 1
981 0 1
982 0 1
983 0 1
984 0 1
985 0 1
986 0 1
987 0 1
988 0 1
989 0 1
990 0 1
991 0 1
992 0 1
993 0 1
994 0 1
995 0 1
996 0 1
997 0 1
998 0 1
999 0 1
0 999 1
1 999 1
2 999 1
3 999 1
4 999 1
5 999 1
6 999 1
7 999 1
8 999 1
9 999 1
10 999 1
11 999 1
12 999 1
13 999 1
14 999 1
15 999 1
16 999 1
17 999 1
18 999 1
19 999 1
20 999 1
21 999 1
22 999 1
23 999 1
24 999 1
25 999 1
26 999 1
27 999 1
28 999 1
29 999 1
30 999 1
31 999 1
32 999 1
33 999 1
34 999 1
35 999 1
36 999 1
37 999 1
38 999 1
39 999 1
40 999 1
41 999 1
42 999 1
43 999 1
44 999 1
45 999 1
46 999 1
47 999 1
48 999 1
49 999 1
50 999 1
51 999 1
52 999 1
53 999 1
54 999 1
55 999 1
56 999 1
57 999 1
58 999 1
59 999 1
60 999 1
61 999 1
62 999 1
63 999 1
64 999 1
65 999 1
66 999 1
67 999 1
68 999 1
69 999 1
70 999 1
71 999 1
72 999 1
73 999 1
74 999 1
75 999 1
76 999 1
77 999 1
78 999 1
79 999 1
80 999 1
81 999 1
82 999 1
83 999 1
84 999 1
85 999 1
86 999 1
87 999 1
88 999 1
89 999 1
90 999 1
91 999 1
92 999 1
93 999 1
94 999 1
95 999 1
96 999 1
97 999 1
98 999 1
99 999 1
100 999 1
101 999 1
102 999 1
103 999 1
104 999 1
105 999 1
106 999 1
107 999 1
108 999 1
109 999 1
110 999 1
111 999 1
112 999 1
113 999 1
114 999 1
115 999 1
116 999 1
117 999 1
118 999 1
119 999 1
120 999 1
121 999 1
122 999 1
123 999 1
124 999 1
125 999 1
126 999 1
127 999 1
128 999 1
129 999 1
130 999 1
131 999 1
132 999 1
133 999 1
134 999 1
135 999 1
136 999 1
137 999 1
138 999 1
139 999 1
140 999 1
141 999 1
142 999 1
143 999 1
144 999 1
145 999 1
146 999 1
147 999 1
148 999 1
149 999 1
150 999 1
151 999 1
152 999 1
153 999 1
154 999 1
155 999 1
156 999 1
157 999 1
158 999 1
159 999 1
160 999 1
161 999 1
162 999 1
163 999 1
164 999 1
165 999 1
166 999 1
167 999 1
168 999 1
169 999 1
170 999 1
171 999 1
172 999 1
173 999 1
174 999 1
175 999 1
176 999 1
177 999 1
178 999 1
179 999 1
180 999 1
181 999 1
182 999 1
183 999 1
184 999 1
185 999 1
186 999 1
187 999 1
188 999 1
189 999 1
190 999 1
191 999 1
192 999 1
193 999 1
194 999 1
195 999 1
196 999 1
197 999 1
198 999 1
199 999 1
200 999 1
201 999 1
202 999 1
203 999 1
204 999 1
205 999 1
206 999 1
207 999 1
208 999 1
209 999 1
210 999 1
211 999 1
212 999 1
213 999 1
214 999 1
215 999 1
216 999 1
217 999 1
218 999 1
219 999 1
220 999 1
221 999 1
222 999 1
223 999 1
224 999 1
225 999 1
226 999 1
227 999 1
228 999 1
229 999 1
230 999 1
231 999 1
232 999 1
233 999 1
234 999 1
235 999 1
236 999 1
237 999 1
238 999 1
239 999 1
240 999 1
241 999 1
242 999 1
243 999 1
244 999 1
245 999 1
246 999 1
247 999 1
248 999 1
249 999 1
250 999 1
251 999 1
252 999 1
253 999 1
254 999 1
255 999 1
256 999 1
257 999 1
258 999 1
259 999 1
260 999 1
261 999 1
262 999 1
263 999 1
264 999 1
265 999 1
266 999 1
267 999 1
268 999 1
269 999 1
270 999 1
271 999 1
272 999 1
273 999 1
274 999 1
275 999 1
276 999 1
277 999 1
278 999 1
279 999 1
280 999 1
281 999 1
282 999 1
283 999 1
284 999 1
285 999 1
286 999 1
287 999 1
288 999 1
289 999 1
290 999 1
291 999 1
292 999 1
293 999 1
294 999 1
295 999 1
296 999 1
297 999 1
298 999 1
299 999 1
300 999 1
301 999 1
302 999 1
303 999 1
304 999 1
305 999 1
306 999 1
307 999 1
308 999 1
309 999 1
310 999 1
311 999 1
312 999 1
313 999 1
314 999 1
315 999 1
316 999 1
317 999 1
318 999 1
319 999 1
320 999 1
321 999 1
322 999 1
323 999 1
324 999 1
325 999 1
326 999 1
327 999 1
328 999 1
329 999 1
330 999 1
331 999 1
332 999 1
333 999 1
334 999 1
335 999 1
336 999 1
337 999 1
338 999 1
339 999 1
340 999 1
341 999 1
342 999 1
343 999 1
344 999 1
345 999 1
346 999 1
347 999 1
348 999 1
349 999 1
350 999 1
351 999 1
352 999 1
353 999 1
354 999 1
355 999 1
356 999 1
357 999 1
358 999 1
359 999 1
360 999 1
361 999 1
362 999 1
363 999 1
364 999 1
365 999 1
366 999 1
367 999 1
368 999 1
369 999 1
370 999 1
371 999 1
372 999 1
373 999 1
374 999 1
375 999 1
376 999 1
377 999 1
378 999 1
379 999 1
380 999 1
381 999 1
382 999 1
383 999 1
384 999 1
385 999 1
386 999 1
387 999 1
388 999 1
389 999 1
390 999 1
391 999 1
392 999 1
393 999 1
394 999 1
395 999 1
396 999 1
397 999 1
398 999 1
399 999 1
400 999 1
401 999 1
402 999 1
403 999 1
404 999 1
405 999 1
406 999 1
407 999 1
408 999 1
409 999 1
410 999 1
411 999 1
412 999 1
413 999 1
414 999 1
415 999 1
416 999 1
417 999 1
418 999 1
419 999 1
420 999 1
421 999 1
422 999 1
423 999 1
424 999 1
425 999 1
426 999 1
427 999 1
428 999 1
429 999 1
430 999 1
431 999 1
432 999 1
433 999 1
434 999 1
435 999 1
436 999 1
437 999 1
438 999 1
439 999 1
440 999 1
441 999 1
442 999 1
443 999 1
444 999 1
445 999 1
446 999 1
447 999 1
448 999 1
449 999 1
450 999 1
451 999 1
452 999 1
453 999 1
454 999 1
455 999 1
456 999 1
457 999 1
458 999 1
459 999 1
460 999 1
461 999 1
462 999 1
463 999 1
464 999 1
465 999 1
466 999 1
467 999 1
468 999 1
469 999 1
470 999 1
471 999 1
472 999 1
473 999 1
474 999 1
475 999 1
476 999 1
477 999 1
478 999 1
479 999 1
480 999 1
481 999 1
482 999 1
483 999 1
484 999 1
485 999 1
486 999 1
487 999 1
488 999 1
489 999 1
490 999 1
491 999 1
492 999 1
493 999 1
494 999 1
495 999 1
496 999 1
497 999 1
498 999 1
499 999 1
500 999 1
501 999 1
502 999 1
503 999 1
504 999 1
505 999 1
506 999 1
507 999 1
508 999 1
509 999 1
510 999 1
511 999 1
512 999 1
513 999 1
514 999 1
515 999 1
516 999 1
517 999 1
518 999 1
519 999 1
520 999 1
521 999 1
522 999 1
523 999 1
524 999 1
525 999 1
526 999 1
527 999 1
528 999 1
529 999 1
530 999 1
531 999 1
532 999 1
533 999 1
534 999 1
535 999 1
536 999 1
537 999 1
538 999 1
539 999 1
540 999 1
541 999 1
542 999 1
543 999 1
544 999 1
545 999 1
546 999 1
547 999 1
548 999 1
549 999 1
550 999 1
551 999 1
552 999 1
553 999 1
554 999 1
555 999 1
556 999 1
557 999 1
558 999 1
559 999 1
560 999 1
561 999 1
562 999 1
563 999 1
564 999 1
565 999 1
566 999 1
567 999 1
568 999 1
569 999 1
570 999 1
571 999 1
572 999 1
573 999 1
574 999 1
575 999 1
576 999 1
577 999 1
578 999 1
579 999 1
580 999 1
581 999 1
582 999 1
583 999 1
584 999 1
585 999 1
586 999 1
587 999 1
588 999 1
589 999 1
590 999 1
591 999 1
592 999 1
593 999 1
594 999 1
595 999 1
596 999 1
597 999 1
598 999 1
599 999 1
600 999 1
601 999 1
602 999 1
603 999 1
604 999 1
605 999 1
606 999 1
607 999 1
608 999 1
609 999 1
610 999 1
611 999 1
612 999 1
613 999 1
614 999 1
615 999 1
616 999 1
617 999 1
618 999 1
619 999 1
620 999 1
621 999 1
622 999 1
623 999 1
624 999 1
625 999 1
626 999 1
627 999 1
628 999 1
629 999 1
630 999 1
631 999 1
632 999 1
633 999 1
634 999 1
635 999 1
636 999 1
637 999 1
638 999 1
639 999 1
640 999 1
641 999 1
642 999 1
643 999 1
644 999 1
645 999 1
646 999 1
647 999 1
648 999 1
649 999 1
650 999 1
651 999 1
652 999 1
653 999 1
654 999 1
655 999 1
656 999 1
657 999 1
658 999 1
659 999 1
660 999 1
661 999 1
662 999 1
663 999 1
664 999 1
665 999 1
666 999 1
667 999 1
668 999 1
669 999 1
670 999 1
671 999 1
672 999 1
673 999 1
674 999 1
675 999 1
676 999 1
677 999 1
678 999 1
679 999 1
680 999 1
681 999 1
682 999 1
683 999 1
684 999 1
685 999 1
686 999 1
687 999 1
688 999 1
689 999 1
690 999 1
691 999 1
692 999 1
693 999 1
694 999 1
695 999 1
696 999 1
697 999 1
698 999 1
699 999 1
700 999 1
701 999 1
702 999 1
703 999 1
704 999 1
705 999 1
706 999 1
707 999 1
708 999 1
709 999 1
710 999 1
711 999 1
712 999 1
713 999 1
714 999 1
715 999 1
716 999 1
717 999 1
718 999 1
719 999 1
720 999 1
721 999 1
722 999 1
723 999 1
724 999 1
725 999 1
726 999 1
727 999 1
728 999 1
729 999 1
730 999 1
731 999 1
732 999 1
733 999 1
734 999 1
735 999 1
736 999 1
737 999 1
738 999 1
739 999 1
740 999 1
741 999 1
742 999 1
743 999 1
744 999 1
745 999 1
746 999 1
747 999 1
748 999 1
749 999 1
750 999 1
751 999 1
752 999 1
753 999 1
754 999 1
755 999 1
756 999 1
757 999 1
758 999 1
759 999 1
760 999 1
761 999 1
762 999 1
763 999 1
764 999 1
765 999 1
766 999 1
767 999 1
768 999 1
769 999 1
770 999 1
771 999 1
772 999 1
773 999 1
774 999 1
775 999 1
776 999 1
777 999 1
778 999 1
779 999 1
780 999 1
781 999 1
782 999 1
783 999 1
784 999 1
785 999 1
786 999 1
787 999 1
788 999 1
789 999 1
790 999 1
791 999 1
792 999 1
793 999 1
794 999 1
795 999 1
796 999 1
797 999 1
798 999 1
799 999 1
800 999 1
801 999 1
802 999 1
803 999 1
804 999 1
805 999 1
806 999 1
807 999 1
808 999 1
809 999 1
810 999 1
811 999 1
812 999 1
813 999 1
814 999 1
815 999 1
816 999 1
817 999 1
818 999 1
819 999 1
820 999 1
821 999 1
822 999 1
823 999 1
824 999 1
825 999 1
826 999 1
827 999 1
828 999 1
829 999 1
830 999 1
831 999 1
832 999 1
833 999 1
834 999 1
835 999 1
836 999 1
837 999 1
838 999 1
839 999 1
840 999 1
841 999 1
842 999 1
843 999 1
844 999 1
845 999 1
846 999 1
847 999 1
848 999 1
849 999 1
850 999 1
851 999 1
852 999 1
853 999 1
854 999 1
855 999 1
856 999 1
857 999 1
858 999 1
859 999 1
860 999 1
861 999 1
862 999 1
863 999 1
864 999 1
865 999 1
866 999 1
867 999 1
868 999 1
869 999 1
870 999 1
871 999 1
872 999 1
873 999 1
874 999 1
875 999 1
876 999 1
877 999 1
878 999 1
879 999 1
880 999 1
881 999 1
882 999 1
883 999 1
884 999 1
885 999 1
886 999 1
887 999 1
888 999 1
889 999 1
890 999 1
891 999 1
892 999 1
893 999 1
894 999 1
895 999 1
896 999 1
897 999 1
898 999 1
899 999 1
900 999 1
901 999 1
902 999 1
903 999 1
904 999 1
905 999 1
906 999 1
907 999 1
908 999 1
909 999 1
910 999 1
911 999 1
912 999 1
913 999 1
914 999 1
915 999 1
916 999 1
917 999 1
918 999 1
919 999 1
920 999 1
921 999 1
922 999 1
923 999 1
924 999 1
925 999 1
926 999 1
927 999 1
928 999 1
929 999 1
930 999 1
931 999 1
932 999 1
933 999 1
934 999 1
935 999 1
936 999 1
937 999 1
938 999 1
939 999 1
940 999 1
941 999 1
942 999 1
943 999 1
944 999 1
945 999 1
946 999 1
947 999 1
948 999 1
949 999 1
950 999 1
951 999 1
952 999 1
953 999 1
954 999 1
955 999 1
956 999 1
957 999 1
958 999 1
959 999 1
960 999 1
961 999 1
962 999 1
963 999 1
964 999 1
965 999 1
966 999 1
967 999 1
968 999 1
969 999 1
970 999 1
971 999 1
972 999 1
973 999 1
974 999 1
975 999 1
976 999 1
977 999 1
978 999 1
979 999 1
980 999 1
981 999 1
982 999 1
983 999 1
984 999 1
985 999 1
986 999 1
987 999 1
988 999 1
989 999 1
990 999 1
991 999 1
992 999 1
993 999 1
994 999 1
995 999 1
996 999 1
997 999 1
998 999 1
999 999 1
0 0 1
0 1 1
0 2 1
0 3 1
0 4 1
0 5 1
0 6 1
0 7 1
0 8 1
0 9 1
0 10 1
0 11 1
0 12 1
0 13 1
0 14 1
0 15 1
0 16 1
0 17 1
0 18 1
0 19 1
0 20 1
0 21 1
0 22 1
0 23 1
0 24 1
0 25 1
0 26 1
0 27 1
0 28 1
0 29 1
0 30 1
0 31 1
0 32 1
0 33 1
0 34 1
0 35 1
0 36 1
0 37 1
0 38 1
0 39 1
0 40 1
0 41 1
0 42 1
0 43 1
0 44 1
0 45 1
0 46 1
0 47 1
0 48 1
0 49 1
0 50 1
0 51 1
0 52 1
0 53 1
0 54 1
0 55 1
0 56 1
0 57 1
0 58 1
0 59 1
0 60 1
0 61 1
0 62 1
0 63 1
0 64 1
0 65 1
0 66 1
0 67 1
0 68 1
0 69 1
0 70 1
0 71 1
0 72 1
0 73 1
0 74 1
0 75 1
0 76 1
0 77 1
0 78 1
0 79 1
0 80 1
0 81 1
0 82 1
0 83 1
0 84 1
0 85 1
0 86 1
0 87 1
0 88 1
0 89 1
0 90 1
0 91 1
0 92 1
0 93 1
0 94 1
0 95 1
0 96 1
0 97 1
0 98 1
0 99 1
0 100 1
0 101 1
0 102 1
0 103 1
0 104 1
0 105 1
0 106 1
0 107 1
0 108 1
0 109 1
0 110 1
0 111 1
0 112 1
0 113 1
0 114 1
0 115 1
0 116 1
0 117 1
0 118 1
0 119 1
0 120 1
0 121 1
0 122 1
0 123 1
0 124 1
0 125 1
0 126 1
0 127 1
0 128 1
0 129 1
0 130 1
0 131 1
0 132 1
0 133 1
0 134 1
0 135 1
0 136 1
0 137 1
0 138 1
0 139 1
0 140 1
0 141 1
0 142 1
0 143 1
0 144 1
0 145 1
0 146 1
0 147 1
0 148 1
0 149 1
0 150 1
0 151 1
0 152 1
0 153 1
0 154 1
0 155 1
0 156 1
0 157 1
0 158 1
0 159 1
0 160 1
0 161 1
0 162 1
0 163 1
0 164 1
0 165 1
0 166 1
0 167 1
0 168 1
0 169 1
0 170 1
0 171 1
0 172 1
0 173 1
0 174 1
0 175 1
0 176 1
0 177 1
0 178 1
0 179 1
0 180 1
0 181 1
0 182 1
0 183 1
0 184 1
0 185 1
0 186 1
0 187 1
0 188 1
0 189 1
0 190 1
0 191 1
0 192 1
0 193 1
0 194 1
0 195 1
0 196 1
0 197 1
0 198 1
0 199 1
0 200 1
0 201 1
0 202 1
0 203 1
0 204 1
0 205 1
0 206 1
0 207 1
0 208 1
0 209 1
0 210 1
0 211 1
0 212 1
0 213 1
0 214 1
0 215 1
0 216 1
0 217 1
0 218 1
0 219 1
0 220 1
0 221 1
0 222 1
0 223 1
0 224 1
0 225 1
0 226 1
0 227 1
0 228 1
0 229 1
0 230 1
0 231 1
0 232 1
0 233 1
0 234 1
0 235 1
0 236 1
0 237 1
0 238 1
0 239 1
0 240 1
0 241 1
0 242 1
0 243 1
0 244 1
0 245 1
0 246 1
0 247 1
0 248 1
0 249 1
0 250 1
0 251 1
0 252 1
0 253 1
0 254 1
0 255 1
0 256 1
0 257 1
0 258 1
0 259 1
0 260 1
0 261 1
0 262 1
0 263 1
0 264 1
0 265 1
0 266 1
0 267 1
0 268 1
0 269 1
0 270 1
0 271 1
0 272 1
0 273 1
0 274 1
0 275 1
0 276 1
0 277 1
0 278 1
0 279 1
0 280 1
0 281 1
0 282 1
0 283 1
0 284 1
0 285 1
0 286 1
0 287 1
0 288 1
0 289 1
0 290 1
0 291 1
0 292 1
0 293 1
0 294 1
0 295 1
0 296 1
0 297 1
0 298 1
0 299 1
0 300 1
0 301 1
0 302 1
0 303 1
0 304 1
0 305 1
0 306 1
0 307 1
0 308 1
0 309 1
0 310 1
0 311 1
0 312 1
0 313 1
0 314 1
0 315 1
0 316 1
0 317 1
0 318 1
0 319 1
0 320 1
0 321 1
0 322 1
0 323 1
0 324 1
0 325 1
0 326 1
0 327 1
0 328 1
0 329 1
0 330 1
0 331 1
0 332 1
0 333 1
0 334 1
0 335 1
0 336 1
0 337 1
0 338 1
0 339 1
0 340 1
0 341 1
0 342 1
0 343 1
0 344 1
0 345 1
0 346 1
0 347 1
0 348 1
0 349 1
0 350 1
0 351 1
0 352 1
0 353 1
0 354 1
0 355 1
0 356 1
0 357 1
0 358 1
0 359 1
0 360 1
0 361 1
0 362 1
0 363 1
0 364 1
0 365 1
0 366 1
0 367 1
0 368 1
0 369 1
0 370 1
0 371 1
0 372 1
0 373 1
0 374 1
0 375 1
0 376 1
0 377 1
0 378 1
0 379 1
0 380 1
0 381 1
0 382 1
0 383 1
0 384 1
0 385 1
0 386 1
0 387 1
0 388 1
0 389 1
0 390 1
0 391 1
0 392 1
0 393 1
0 394 1
0 395 1
0 396 1
0 397 1
0 398 1
0 399 1
0 400 1
0 401 1
0 402 1
0 403 1
0 404 1
0 405 1
0 406 1
0 407 1
0 408 1
0 409 1
0 410 1
0 411 1
0 412 1
0 413 1
0 414 1
0 415 1
0 416 1
0 417 1
0 418 1
0 419 1
0 420 1
0 421 1
0 422 1
0 423 1
0 424 1
0 425 1
0 426 1
0 427 1
0 428 1
0 429 1
0 430 1
0 431 1
0 432 1
0 433 1
0 434 1
0 435 1
0 436 1
0 437 1
0 438 1
0 439 1
0 440 1
0 441 1
0 442 1
0 443 1
0 444 1
0 445 1
0 446 1
0 447 1
0 448 1
0 449 1
0 450 1
0 451 1
0 452 1
0 453 1
0 454 1
0 455 1
0 456 1
0 457 1
0 458 1
0 459 1
0 460 1
0 461 1
0 462 1
0 463 1
0 464 1
0 465 1
0 466 1
0 467 1
0 468 1
0 469 1
0 470 1
0 471 1
0 472 1
0 473 1
0 474 1
0 475 1
0 476 1
0 477 1
0 478 1
0 479 1
0 480 1
0 481 1
0 482 1
0 483 1
0 484 1
0 485 1
0 486 1
0 487 1
0 488 1
0 489 1
0 490 1
0 491 1
0 492 1
0 493 1
0 494 1
0 495 1
0 496 1
0 497 1
0 498 1
0 499 1
0 500 1
0 501 1
0 502 1
0 503 1
0 504 1
0 505 1
0 506 1
0 507 1
0 508 1
0 509 1
0 510 1
0 511 1
0 512 1
0 513 1
0 514 1
0 515 1
0 516 1
0 517 1
0 518 1
0 519 1
0 520 1
0 521 1
0 522 1
0 523 1
0 524 1
0 525 1
0 526 1
0 527 1
0 528 1
0 529 1
0 530 1
0 531 1
0 532 1
0 533 1
0 534 1
0 535 1
0 536 1
0 537 1
0 538 1
0 539 1
0 540 1
0 541 1
0 542 1
0 543 1
0 544 1
0 545 1
0 546 1
0 547 1
0 548 1
0 549 1
0 550 1
0 551 1
0 552 1
0 553 1
0 554 1
0 555 1
0 556 1
0 557 1
0 558 1
0 559 1
0 560 1
0 561 1
0 562 1
0 563 1
0 564 1
0 565 1
0 566 1
0 567 1
0 568 1
0 569 1
0 570 1
0 571 1
0 572 1
0 573 1
0 574 1
0 575 1
0 576 1
0 577 1
0 578 1
0 579 1
0 580 1
0 581 1
0 582 1
0 583 1
0 584 1
0 585 1
0 586 1
0 587 1
0 588 1
0 589 1
0 590 1
0 591 1
0 592 1
0 593 1
0 594 1
0 595 1
0 596 1
0 597 1
0 598 1
0 599 1
0 600 1
0 601 1
0 602 1
0 603 1
0 604 1
0 605 1
0 606 1
0 607 1
0 608 1
0 609 1
0 610 1
0 611 1
0 612 1
0 613 1
0 614 1
0 615 1
0 616 1
0 617 1
0 618 1
0 619 1
0 620 1
0 621 1
0 622 1
0 623 1
0 624 1
0 625 1
0 626 1
0 627 1
0 628 1
0 629 1
0 630 1
0 631 1
0 632 1
0 633 1
0 634 1
0 635 1
0 636 1
0 637 1
0 638 1
0 639 1
0 640 1
0 641 1
0 642 1
0 643 1
0 644 1
0 645 1
0 646 1
0 647 1
0 648 1
0 649 1
0 650 1
0 651 1
0 652 1
0 653 1
0 654 1
0 655 1
0 656 1
0 657 1
0 658 1
0 659 1
0 660 1
0 661 1
0 662 1
0 663 1
0 664 1
0 665 1
0 666 1
0 667 1
0 668 1
0 669 1
0 670 1
0 671 1
0 672 1
0 673 1
0 674 1
0 675 1
0 676 1
0 677 1
0 678 1
0 679 1
0 680 1
0 681 1
0 682 1
0 683 1
0 684 1
0 685 1
0 686 1
0 687 1
0 688 1
0 689 1
0 690 1
0 691 1
0 692 1
0 693 1
0 694 1
0 695 1
0 696 1
0 697 1
0 698 1
0 699 1
0 700 1
0 701 1
0 702 1
0 703 1
0 704 1
0 705 1
0 706 1
0 707 1
0 708 1
0 709 1
0 710 1
0 711 1
0 712 1
0 713 1
0 714 1
0 715 1
0 716 1
0 717 1
0 718 1
0 719 1
0 720 1
0 721 1
0 722 1
0 723 1
0 724 1
0 725 1
0 726 1
0 727 1
0 728 1
0 729 1
0 730 1
0 731 1
0 732 1
0 733 1
0 734 1
0 735 1
0 736 1
0 737 1
0 738 1
0 739 1
0 740 1
0 741 1
0 742 1
0 743 1
0 744 1
0 745 1
0 746 1
0 747 1
0 748 1
0 749 1
0 750 1
0 751 1
0 752 1
0 753 1
0 754 1
0 755 1
0 756 1
0 757 1
0 758 1
0 759 1
0 760 1
0 761 1
0 762 1
0 763 1
0 764 1
0 765 1
0 766 1
0 767 1
0 768 1
0 769 1
0 770 1
0 771 1
0 772 1
0 773 1
0 774 1
0 775 1
0 776 1
0 777 1
0 778 1
0 779 1
0 780 1
0 781 1
0 782 1
0 783 1
0 784 1
0 785 1
0 786 1
0 787 1
0 788 1
0 789 1
0 790 1
0 791 1
0 792 1
0 793 1
0 794 1
0 795 1
0 796 1
0 797 1
0 798 1
0 799 1
0 800 1
0 801 1
0 802 1
0 803 1
0 804 1
0 805 1
0 806 1
0 807 1
0 808 1
0 809 1
0 810 1
0 811 1
0 812 1
0 813 1
0 814 1
0 815 1
0 816 1
0 817 1
0 818 1
0 819 1
0 820 1
0 821 1
0 822 1
0 823 1
0 824 1
0 825 1
0 826 1
0 827 1
0 828 1
0 829 1
0 830 1
0 831 1
0 832 1
0 833 1
0 834 1
0 835 1
0 836 1
0 837 1
0 838 1
0 839 1
0 840 1
0 841 1
0 842 1
0 843 1
0 844 1
0 845 1
0 846 1
0 847 1
0 848 1
0 849 1
0 850 1
0 851 1
0 852 1
0 853 1
0 854 1
0 855 1
0 856 1
0 857 1
0 858 1
0 859 1
0 860 1
0 861 1
0 862 1
0 863 1
0 864 1
0 865 1
0 866 1
0 867 1
0 868 1
0 869 1
0 870 1
0 871 1
0 872 1
0 873 1
0 874 1
0 875 1
0 876 1
0 877 1
0 878 1
0 879 1
0 880 1
0 881 1
0 882 1
0 883 1
0 884 1
0 885 1
0 886 1
0 887 1
0 888 1
0 889 1
0 890 1
0 891 1
0 892 1
0 893 1
0 894 1
0 895 1
0 896 1
0 897 1
0 898 1
0 899 1
0 900 1
0 901 1
0 902 1
0 903 1
0 904 1
0 905 1
0 906 1
0 907 1
0 908 1
0 909 1
0 910 1
0 911 1
0 912 1
0 913 1
0 914 1
0 915 1
0 916 1
0 917 1
0 918 1
0 919 1
0 920 1
0 921 1
0 922 1
0 923 1
0 924 1
0 925 1
0 926 1
0 927 1
0 928 1
0 929 1
0 930 1
0 931 1
0 932 1
0 933 1
0 934 1
0 935 1
0 936 1
0 937 1
0 938 1
0 939 1
0 940 1
0 941 1
0 942 1
0 943 1
0 944 1
0 945 1
0 946 1
0 947 1
0 948 1
0 949 1
0 950 1
0 951 1
0 952 1
0 953 1
0 954 1
0 955 1
0 956 1
0 957 1
0 958 1
0 959 1
0 960 1
0 961 1
0 962 1
0 963 1
0 964 1
0 965 1
0 966 1
0 967 1
0 968 1
0 969 1
0 970 1
0 971 1
0 972 1
0 973 1
0 974 1
0 975 1
0 976 1
0 977 1
0 978 1
0 979 1
0 980 1
0 981 1
0 982 1
0 983 1
0 984 1
0 985 1
0 986 1
0 987 1
0 988 1
0 989 1
0 990 1
0 991 1
0 992 1
0 993 1
0 994 1
0 995 1
0 996 1
0 997 1
0 998 1
0 999 1
999 0 1
999 1 1
999 2 1
999 3 1
999 4 1
999 5 1
999 6 1
999 7 1
999 8 1
999 9 1
999 10 1
999 11 1
999 12 1
999 13 1
999 14 1
999 15 1
999 16 1
999 17 1
999 18 1
999 19 1
999 20 1
999 21 1
999 22 1
999 23 1
999 24 1
999 25 1
999 26 1
999 27 1
999 28 1
999 29 1
999 30 1
999 31 1
999 32 1
999 33 1
999 34 1
999 35 1
999 36 1
999 37 1
999 38 1
999 39 1
999 40 1
999 41 1
999 42 1
999 43 1
999 44 1
999 45 1
999 46 1
999 47 1
999 48 1
999 49 1
999 50 1
999 51 1
999 52 1
999 53 1
999 54 1
999 55 1
999 56 1
999 57 1
999 58 1
999 59 1
999 60 1
999 61 1
999 62 1
999 63 1
999 64 1
999 65 1
999 66 1
999 67 1
999 68 1
999 69 1
999 70 1
999 71 1
999 72 1
999 73 1
999 74 1
999 75 1
999 76 1
999 77 1
999 78 1
999 79 1
999 80 1
999 81 1
999 82 1
999 83 1
999 84 1
999 85 1
999 86 1
999 87 1
999 88 1
999 89 1
999 90 1
999 91 1
999 92 1
999 93 1
999 94 1
999 95 1
999 96 1
999 97 1
999 98 1
999 99 1
999 100 1
999 101 1
999 102 1
999 103 1
999 104 1
999 105 1
999 106 1
999 107 1
999 108 1
999 109 1
999 110 1
999 111 1
999 112 1
999 113 1
999 114 1
999 115 1
999 116 1
999 117 1
999 118 1
999 119 1
999 120 1
999 121 1
999 122 1
999 123 1
999 124 1
999 125 1
999 126 1
999 127 1
999 128 1
999 129 1
999 130 1
999 131 1
999 132 1
999 133 1
999 134 1
999 135 1
999 136 1
999 137 1
999 138 1
999 139 1
999 140 1
999 141 1
999 142 1
999 143 1
999 144 1
999 145 1
999 146 1
999 147 1
999 148 1
999 149 1
999 150 1
999 151 1
999 152 1
999 153 1
999 154 1
999 155 1
999 156 1
999 157 1
999 158 1
999 159 1
999 160 1
999 161 1
999 162 1
999 163 1
999 164 1
999 165 1
999 166 1
999 167 1
999 168 1
999 169 1
999 170 1
999 171 1
999 172 1
999 173 1
999 174 1
999 175 1
999 176 1
999 177 1
999 178 1
999 179 1
999 180 1
999 181 1
999 182 1
999 183 1
999 184 1
999 185 1
999 186 1
999 187 1
999 188 1
999 189 1
999 190 1
999 191 1
999 192 1
999 193 1
999 194 1
999 195 1
999 196 1
999 197 1
999 198 1
999 199 1
999 200 1
999 201 1
999 202 1
999 203 1
999 204 1
999 205 1
999 206 1
999 207 1
999 208 1
999 209 1
999 210 1
999 211 1
999 212 1
999 213 1
999 214 1
999 215 1
999 216 1
999 217 1
999 218 1
999 219 1
999 220 1
999 221 1
999 222 1
999 223 1
999 224 1
999 225 1
999 226 1
999 227 1
999 228 1
999 229 1
999 230 1
999 231 1
999 232 1
999 233 1
999 234 1
999 235 1
999 236 1
999 237 1
999 238 1
999 239 1
999 240 1
999 241 1
999 242 1
999 243 1
999 244 1
999 245 1
999 246 1
999 247 1
999 248 1
999 249 1
999 250 1
999 251 1
999 252 1
999 253 1
999 254 1
999 255 1
999 256 1
999 257 1
999 258 1
999 259 1
999 260 1
999 261 1
999 262 1
999 263 1
999 264 1
999 265 1
999 266 1
999 267 1
999 268 1
999 269 1
999 270 1
999 271 1
999 272 1
999 273 1
999 274 1
999 275 1
999 276 1
999 277 1
999 278 1
999 279 1
999 280 1
999 281 1
999 282 1
999 283 1
999 284 1
999 285 1
999 286 1
999 287 1
999 288 1
999 289 1
999 290 1
999 291 1
999 292 1
999 293 1
999 294 1
999 295 1
999 296 1
999 297 1
999 298 1
999 299 1
999 300 1
999 301 1
999 302 1
999 303 1
999 304 1
999 305 1
999 306 1
999 307 1
999 308 1
999 309 1
999 310 1
999 311 1
999 312 1
999 313 1
999 314 1
999 315 1
999 316 1
999 317 1
999 318 1
999 319 1
999 320 1
999 321 1
999 322 1
999 323 1
999 324 1
999 325 1
999 326 1
999 327 1
999 328 1
999 329 1
999 330 1
999 331 1
999 332 1
999 333 1
999 334 1
999 335 1
999 336 1
999 337 1
999 338 1
999 339 1
999 340 1
999 341 1
999 342 1
999 343 1
999 344 1
999 345 1
999 346 1
999 347 1
999 348 1
999 349 1
999 350 1
999 351 1
999 352 1
999 353 1
999 354 1
999 355 1
999 356 1
999 357 1
999 358 1
999 359 1
999 360 1
999 361 1
999 362 1
999 363 1
999 364 1
999 365 1
999 366 1
999 367 1
999 368 1
999 369 1
999 370 1
999 371 1
999 372 1
999 373 1
999 374 1
999 375 1
999 376 1
999 377 1
999 378 1
999 379 1
999 380 1
999 381 1
999 382 1
999 383 1
999 384 1
999 385 1
999 386 1
999 387 1
999 388 1
999 389 1
999 390 1
999 391 1
999 392 1
999 393 1
999 394 1
999 395 1
999 396 1
999 397 1
999 398 1
999 399 1
999 400 1
999 401 1
999 402 1
999 403 1
999 404 1
999 405 1
999 406 1
999 407 1
999 408 1
999 409 1
999 410 1
999 411 1
999 412 1
999 413 1
999 414 1
999 415 1
999 416 1
999 417 1
999 418 1
999 419 1
999 420 1
999 421 1
999 422 1
999 423 1
999 424 1
999 425 1
999 426 1
999 427 1
999 428 1
999 429 1
999 430 1
999 431 1
999 432 1
999 433 1
999 434 1
999 435 1
999 436 1
999 437 1
999 438 1
999 439 1
999 440 1
999 441 1
999 442 1
999 443 1
999 444 1
999 445 1
999 446 1
999 447 1
999 448 1
999 449 1
999 450 1
999 451 1
999 452 1
999 453 1
999 454 1
999 455 1
999 456 1
999 457 1
999 458 1
999 459 1
999 460 1
999 461 1
999 462 1
999 463 1
999 464 1
999 465 1
999 466 1
999 467 1
999 468 1
999 469 1
999 470 1
999 471 1
999 472 1
999 473 1
999 474 1
999 475 1
999 476 1
999 477 1
999 478 1
999 479 1
999 480 1
999 481 1
999 482 1
999 483 1
999 484 1
999 485 1
999 486 1
999 487 1
999 488 1
999 489 1
999 490 1
999 491 1
999 492 1
999 493 1
999 494 1
999 495 1
999 496 1
999 497 1
999 498 1
999 499 1
999 500 1
999 501 1
999 502 1
999 503 1
999 504 1
999 505 1
999 506 1
999 507 1
999 508 1
999 509 1
999 510 1
999 511 1
999 512 1
999 513 1
999 514 1
999 515 1
999 516 1
999 517 1
999 518 1
999 519 1
999 520 1
999 521 1
999 522 1
999 523 1
999 524 1
999 525 1
999 526 1
999 527 1
999 528 1
999 529 1
999 530 1
999 531 1
999 532 1
999 533 1
999 534 1
999 535 1
999 536 1
999 537 1
999 538 1
999 539 1
999 540 1
999 541 1
999 542 1
999 543 1
999 544 1
999 545 1
999 546 1
999 547 1
999 548 1
999 549 1
999 550 1
999 551 1
999 552 1
999 553 1
999 554 1
999 555 1
999 556 1
999 557 1
999 558 1
999 559 1
999 560 1
999 561 1
999 562 1
999 563 1
999 564 1
999 565 1
999 566 1
999 567 1
999 568 1
999 569 1
999 570 1
999 571 1
999 572 1
999 573 1
999 574 1
999 575 1
999 576 1
999 577 1
999 578 1
999 579 1
999 580 1
999 581 1
999 582 1
999 583 1
999 584 1
999 585 1
999 586 1
999 587 1
999 588 1
999 589 1
999 590 1
999 591 1
999 592 1
999 593 1
999 594 1
999 595 1
999 596 1
999 597 1
999 598 1
999 599 1
999 600 1
999 601 1
999 602 1
999 603 1
999 604 1
999 605 1
999 606 1
999 607 1
999 608 1
999 609 1
999 610 1
999 611 1
999 612 1
999 613 1
999 614 1
999 615 1
999 616 1
999 617 1
999 618 1
999 619 1
999 620 1
999 621 1
999 622 1
999 623 1
999 624 1
999 625 1
999 626 1
999 627 1
999 628 1
999 629 1
999 630 1
999 631 1
999 632 1
999 633 1
999 634 1
999 635 1
999 636 1
999 637 1
999 638 1
999 639 1
999 640 1
999 641 1
999 642 1
999 643 1
999 644 1
999 645 1
999 646 1
999 647 1
999 648 1
999 649 1
999 650 1
999 651 1
999 652 1
999 653 1
999 654 1
999 655 1
999 656 1
999 657 1
999 658 1
999 659 1
999 660 1
999 661 1
999 662 1
999 663 1
999 664 1
999 665 1
999 666 1
999 667 1
999 668 1
999 669 1
999 670 1
999 671 1
999 672 1
999 673 1
999 674 1
999 675 1
999 676 1
999 677 1
999 678 1
999 679 1
999 680 1
999 681 1
999 682 1
999 683 1
999 684 1
999 685 1
999 686 1
999 687 1
999 688 1
999 689 1
999 690 1
999 691 1
999 692 1
999 693 1
999 694 1
999 695 1
999 696 1
999 697 1
999 698 1
999 699 1
999 700 1
999 701 1
999 702 1
999 703 1
999 704 1
999 705 1
999 706 1
999 707 1
999 708 1
999 709 1
999 710 1
999 711 1
999 712 1
999 713 1
999 714 1
999 715 1
999 716 1
999 717 1
999 718 1
999 719 1
999 720 1
999 721 1
999 722 1
999 723 1
999 724 1
999 725 1
999 726 1
999 727 1
999 728 1
999 729 1
999 730 1
999 731 1
999 732 1
999 733 1
999 734 1
999 735 1
999 736 1
999 737 1
999 738 1
999 739 1
999 740 1
999 741 1
999 742 1
999 743 1
999 744 1
999 745 1
999 746 1
999 747 1
999 748 1
999 749 1
999 750 1
999 751 1
999 752 1
999 753 1
999 754 1
999 755 1
999 756 1
999 757 1
999 758 1
999 759 1
999 760 1
999 761 1
999 762 1
999 763 1
999 764 1
999 765 1
999 766 1
999 767 1
999 768 1
999 769 1
999 770 1
999 771 1
999 772 1
999 773 1
999 774 1
999 775 1
999 776 1
999 777 1
999 778 1
999 779 1
999 780 1
999 781 1
999 782 1
999 783 1
999 784 1
999 785 1
999 786 1
999 787 1
999 788 1
999 789 1
999 790 1
999 791 1
999 792 1
999 793 1
999 794 1
999 795 1
999 796 1
999 797 1
999 798 1
999 799 1
999 800 1
999 801 1
999 802 1
999 803 1
999 804 1
999 805 1
999 806 1
999 807 1
999 808 1
999 809 1
999 810 1
999 811 1
999 812 1
999 813 1
999 814 1
999 815 1
999 816 1
999 817 1
999 818 1
999 819 1
999 820 1
999 821 1
999 822 1
999 823 1
999 824 1
999 825 1
999 826 1
999 827 1
999 828 1
999 829 1
999 830 1
999 831 1
999 832 1
999 833 1
999 834 1
999 835 1
999 836 1
999 837 1
999 838 1
999 839 1
999 840 1
999 841 1
999 842 1
999 843 1
999 844 1
999 845 1
999 846 1
999 847 1
999 848 1
999 849 1
999 850 1
999 851 1
999 852 1
999 853 1
999 854 1
999 855 1
999 856 1
999 857 1
999 858 1
999 859 1
999 860 1
999 861 1
999 862 1
999 863 1
999 864 1
999 865 1
999 866 1
999 867 1
999 868 1
999 869 1
999 870 1
999 871 1
999 872 1
999 873 1
999 874 1
999 875 1
999 876 1
999 877 1
999 878 1
999 879 1
999 880 1
999 881 1
999 882 1
999 883 1
999 884 1
999 885 1
999 886 1
999 887 1
999 888 1
999 889 1
999 890 1
999 891 1
999 892 1
999 893 1
999 894 1
999 895 1
999 896 1
999 897 1
999 898 1
999 899 1
999 900 1
999 901 1
999 902 1
999 903 1
999 904 1
999 905 1
999 906 1
999 907 1
999 908 1
999 909 1
999 910 1
999 911 1
999 912 1
999 913 1
999 914 1
999 915 1
999 916 1
999 917 1
999 918 1
999 919 1
999 920 1
999 921 1
999 922 1
999 923 1
999 924 1
999 925 1
999 926 1
999 927 1
999 928 1
999 929 1
999 930 1
999 931 1
999 932 1
999 933 1
999 934 1
999 935 1
999 936 1
999 937 1
999 938 1
999 939 1
999 940 1
999 941 1
999 942 1
999 943 1
999 944 1
999 945 1
999 946 1
999 947 1
999 948 1
999 949 1
999 950 1
999 951 1
999 952 1
999 953 1
999 954 1
999 955 1
999 956 1
999 957 1
999 958 1
999 959 1
999 960 1
999 961 1
999 962 1
999 963 1
999 964 1
999 965 1
999 966 1
999 967 1
999 968 1
999 969 1
999 970 1
999 971 1
999 972 1
999 973 1
999 974 1
999 975 1
999 976 1
999 977 1
999 978 1
999 979 1
999 980 1
999 981 1
999 982 1
999 983 1
999 984 1
999 985 1
999 986 1
999 987 1
999 988 1
999 989 1
999 990 1
999 991 1
999 992 1
999 993 1
999 994 1
999 995 1
999 996 1
999 997 1
999 998 1
999 999 1
